                                                                

"GrassLight Ver. "        2.14                                                            
 "Run Input Conditions"
 "Canopy ht (mm)="      300.
 "Shoot density (shoots/m^2)="     1535.
 "Shoot area (m^2/shoot)="    0.0031
 "Shoor:Root ratio="    3.1000
 "Bending angle at 0 flow (deg) ="   10.0000
 "Avg cosine Ed at top of canopy ="    0.8000
 "Current speed (cm/s) ="    0.0000
 "Seawater pH="    7.9000
 "Water temperature (°C) ="   27.0000
 "Photoperiod (h)="   14.5000
 "Irradiance and water column IOPs from "lynn_5_5_2m.irr 
 "Sediment reflectance from "silica.bot      
 "Leaf IOPs from "zostera.lop     

 "Shoot density (shoots/m2) = " 1535.
 "Ed (W/m2/nm) as a function of canopy height:"
"Height (m)" "Wavel (nm)"           400.           410.           420.           430.           440.           450.           460.           470.           480.           490.           500.           510.           520.           530.           540.           550.           560.           570.           580.           590.           600.           610.           620.           630.           640.           650.           660.           670.           680.           690.           700.
      0.30         0.0140         0.0220         0.0320         0.0390         0.0570         0.0870         0.1090         0.1290         0.1600         0.1710         0.2000         0.2260         0.2280         0.2690         0.2840         0.3080         0.3200         0.3320         0.3420         0.2890         0.2710         0.2630         0.2630         0.2530         0.2500         0.2260         0.1850         0.1780         0.1680         0.1490         0.1330
      0.25         0.0112         0.0178         0.0261         0.0321         0.0472         0.0727         0.0917         0.1091         0.1361         0.1463         0.1733         0.1999         0.2054         0.2451         0.2599         0.2826         0.2941         0.3046         0.3126         0.2630         0.2452         0.2371         0.2363         0.2269         0.2228         0.1986         0.1608         0.1527         0.1435         0.1308         0.1201
      0.20         0.0075         0.0121         0.0179         0.0221         0.0326         0.0510         0.0650         0.0776         0.0974         0.1057         0.1291         0.1568         0.1691         0.2070         0.2215         0.2418         0.2519         0.2591         0.2629         0.2188         0.2021         0.1939         0.1914         0.1831         0.1767         0.1515         0.1198         0.1105         0.1025         0.1009         0.1013
      0.15         0.0034         0.0056         0.0083         0.0102         0.0151         0.0241         0.0313         0.0374         0.0474         0.0523         0.0685         0.0942         0.1137         0.1480         0.1613         0.1774         0.1848         0.1864         0.1841         0.1497         0.1358         0.1283         0.1238         0.1172         0.1087         0.0849         0.0639         0.0551         0.0497         0.0589         0.0735
      0.10         0.0010         0.0016         0.0024         0.0029         0.0044         0.0072         0.0096         0.0115         0.0147         0.0167         0.0245         0.0415         0.0605         0.0871         0.0978         0.1088         0.1132         0.1104         0.1041         0.0815         0.0720         0.0663         0.0615         0.0573         0.0497         0.0332         0.0231         0.0178         0.0154         0.0248         0.0448
      0.05         0.0002         0.0004         0.0006         0.0007         0.0010         0.0018         0.0024         0.0029         0.0037         0.0043         0.0073         0.0158         0.0289         0.0468         0.0545         0.0614         0.0637         0.0597         0.0533         0.0399         0.0341         0.0305         0.0270         0.0247         0.0198         0.0110         0.0070         0.0047         0.0038         0.0090         0.0251
      0.00         0.0001         0.0001         0.0002         0.0002         0.0003         0.0006         0.0008         0.0009         0.0012         0.0014         0.0027         0.0072         0.0158         0.0282         0.0338         0.0385         0.0399         0.0362         0.0309         0.0223         0.0186         0.0162         0.0138         0.0124         0.0093         0.0045         0.0026         0.0016         0.0012         0.0039         0.0157



 "Eu (W/m2/nm) as a function of depth:"
"Height (m)" "Wavel (nm)"           400.           410.           420.           430.           440.           450.           460.           470.           480.           490.           500.           510.           520.           530.           540.           550.           560.           570.           580.           590.           600.           610.           620.           630.           640.           650.           660.           670.           680.           690.           700.
      0.29         0.0001         0.0001         0.0002         0.0002         0.0003         0.0005         0.0006         0.0007         0.0009         0.0010         0.0014         0.0021         0.0035         0.0057         0.0068         0.0077         0.0079         0.0071         0.0061         0.0045         0.0038         0.0033         0.0030         0.0028         0.0023         0.0016         0.0011         0.0010         0.0009         0.0012         0.0033
      0.25         0.0001         0.0001         0.0002         0.0002         0.0003         0.0005         0.0006         0.0007         0.0009         0.0010         0.0014         0.0021         0.0035         0.0058         0.0069         0.0079         0.0081         0.0072         0.0061         0.0045         0.0038         0.0034         0.0030         0.0028         0.0023         0.0016         0.0011         0.0009         0.0008         0.0012         0.0034
      0.20         0.0001         0.0001         0.0001         0.0002         0.0003         0.0004         0.0005         0.0006         0.0008         0.0009         0.0012         0.0019         0.0033         0.0056         0.0067         0.0077         0.0079         0.0070         0.0059         0.0043         0.0036         0.0032         0.0028         0.0025         0.0021         0.0014         0.0010         0.0008         0.0007         0.0010         0.0033
      0.15         0.0000         0.0001         0.0001         0.0001         0.0001         0.0002         0.0003         0.0003         0.0004         0.0005         0.0007         0.0014         0.0026         0.0048         0.0058         0.0067         0.0069         0.0061         0.0050         0.0035         0.0029         0.0025         0.0022         0.0020         0.0015         0.0009         0.0006         0.0005         0.0004         0.0007         0.0030
      0.10         0.0000         0.0000         0.0000         0.0000         0.0000         0.0001         0.0001         0.0001         0.0002         0.0002         0.0003         0.0008         0.0019         0.0039         0.0049         0.0058         0.0060         0.0052         0.0042         0.0029         0.0023         0.0020         0.0016         0.0014         0.0010         0.0005         0.0003         0.0002         0.0002         0.0004         0.0028
      0.05         0.0000         0.0000         0.0000         0.0000         0.0000         0.0000         0.0001         0.0001         0.0001         0.0001         0.0002         0.0008         0.0020         0.0041         0.0052         0.0062         0.0066         0.0059         0.0049         0.0034         0.0027         0.0023         0.0019         0.0017         0.0012         0.0005         0.0003         0.0002         0.0001         0.0005         0.0033
      0.00         0.0000         0.0000         0.0000         0.0000         0.0000         0.0001         0.0001         0.0001         0.0002         0.0002         0.0005         0.0013         0.0029         0.0055         0.0068         0.0081         0.0087         0.0081         0.0071         0.0051         0.0042         0.0036         0.0031         0.0028         0.0022         0.0011         0.0006         0.0004         0.0003         0.0010         0.0046



 "DENSITY (shoots/m2)"       1535.
 "LAI (m2/m2)"                  4.759
 "BIOMASS (rel)"                1.0000
 "pH"                           7.90
 "Photoperiod (h)"             14.50
 "Shoot:Root"                   3.100
 "Hsat requirement (h)"         6.534
 "Pmax (rel)"                   1.230
 "Canopy Integrated P"        0.626
 "Canopy Integrated R"        0.275
 "Daily P (Hsat equiv)"         6.489
 "Whole plant P:R (per d)"      0.99




 "Parameter values below are for specified height layers; they are NOT canopy integrals."
 Height_(m)         Biomass_rel)       LAI_(m2/m2)         LAP_(m2/m2)         Noon_P(rel)
    0.29           0.414E-02           0.197E-01           0.342E-02           0.481E-02
    0.19           0.211E-01           0.101               0.175E-01           0.226E-01
    0.09           0.556E-01           0.264               0.459E-01           0.318E-01
 ------------------------------------



