400     1.674     0.000     0.000     0.000
401     1.721     0.000     0.000     0.000
402     1.799     0.000     0.000     0.000
403     1.719     0.000     0.000     0.000
404     1.638     0.000     0.000     0.000
405     1.651     0.000     0.000     0.000
406     1.663     0.000     0.000     0.000
407     1.681     0.000     0.000     0.000
408     1.698     0.000     0.000     0.000
409     1.650     0.000     0.000     0.000
410     1.621     0.000     0.000     0.000
411     1.740     0.000     0.000     0.000
412     1.812     0.000     0.000     0.000
413     1.755     0.000     0.000     0.000
414     1.740     0.000     0.000     0.000
415     1.781     0.000     0.000     0.000
416     1.791     0.000     0.000     0.000
417     1.715     0.000     0.000     0.000
418     1.701     0.000     0.000     0.000
419     1.663     0.000     0.000     0.000
420     1.724     0.000     0.000     0.000
421     1.823     0.000     0.000     0.000
422     1.760     0.000     0.000     0.000
423     1.657     0.000     0.000     0.000
424     1.693     0.000     0.000     0.000
425     1.748     0.000     0.000     0.000
426     1.691     0.000     0.000     0.000
427     1.673     0.000     0.000     0.000
428     1.656     0.001     0.000     0.000
429     1.650     0.001     0.000     0.000
430     1.407     0.001     0.000     0.000
431     1.351     0.001     0.000     0.000
432     1.727     0.001     0.000     0.000
433     1.805     0.002     0.000     0.000
434     1.690     0.002     0.000     0.000
435     1.767     0.002     0.000     0.000
436     1.835     0.002     0.000     0.000
437     1.845     0.002     0.000     0.000
438     1.792     0.002     0.000     0.000
439     1.673     0.003     0.000     0.000
440     1.711     0.003     0.000     0.000
441     1.796     0.003     0.000     0.000
442     1.892     0.003     0.000     0.000
443     1.957     0.003     0.000     0.000
444     1.961     0.003     0.000     0.000
445     1.963     0.003     0.000     0.000
446     1.853     0.003     0.000     0.000
447     1.874     0.003     0.000     0.000
448     2.036     0.003     0.000     0.000
449     2.054     0.003     0.000     0.000
450     2.135     0.003     0.000     0.000
451     2.111     0.003     0.000     0.000
452     2.004     0.004     0.000     0.000
453     2.007     0.004     0.000     0.000
454     2.024     0.005     0.000     0.000
455     2.030     0.005     0.000     0.000
456     2.066     0.006     0.000     0.000
457     2.060     0.007     0.000     0.000
458     2.028     0.007     0.000     0.000
459     2.028     0.008     0.000     0.000
460     2.029     0.008     0.000     0.000
461     2.039     0.009     0.000     0.000
462     2.101     0.009     0.000     0.000
463     2.086     0.009     0.000     0.000
464     1.992     0.009     0.000     0.000
465     1.987     0.008     0.000     0.000
466     1.959     0.008     0.000     0.000
467     1.966     0.007     0.000     0.000
468     2.010     0.007     0.000     0.000
469     2.001     0.007     0.000     0.000
470     1.946     0.007     0.000     0.000
471     1.957     0.008     0.000     0.000
472     2.022     0.009     0.000     0.000
473     2.025     0.010     0.000     0.000
474     2.038     0.011     0.000     0.000
475     2.029     0.012     0.000     0.000
476     1.982     0.013     0.000     0.000
477     1.966     0.014     0.000     0.000
478     2.063     0.015     0.000     0.000
479     2.064     0.017     0.000     0.000
480     2.067     0.018     0.000     0.000
481     2.065     0.019     0.000     0.000
482     2.054     0.020     0.000     0.000
483     2.047     0.020     0.000     0.000
484     2.011     0.021     0.000     0.000
485     1.950     0.020     0.000     0.000
486     1.687     0.020     0.000     0.000
487     1.723     0.019     0.000     0.000
488     1.874     0.019     0.000     0.000
489     1.949     0.018     0.000     0.000
490     1.938     0.018     0.000     0.000
491     1.900     0.019     0.000     0.000
492     1.909     0.019     0.000     0.000
493     1.941     0.020     0.000     0.000
494     1.954     0.021     0.000     0.000
495     2.003     0.022     0.000     0.000
496     2.003     0.023     0.000     0.000
497     2.003     0.024     0.000     0.000
498     1.973     0.025     0.000     0.000
499     1.933     0.026     0.000     0.000
500     1.871     0.028     0.000     0.000
501     1.832     0.030     0.000     0.000
502     1.890     0.032     0.000     0.000
503     1.928     0.034     0.000     0.000
504     1.925     0.036     0.000     0.000
505     1.924     0.038     0.000     0.000
506     1.956     0.039     0.000     0.000
507     1.977     0.041     0.000     0.000
508     1.953     0.041     0.000     0.000
509     1.941     0.041     0.000     0.000
510     1.939     0.040     0.000     0.000
511     1.939     0.039     0.000     0.000
512     1.913     0.038     0.000     0.000
513     1.900     0.037     0.000     0.000
514     1.872     0.037     0.000     0.000
515     1.858     0.038     0.000     0.000
516     1.744     0.039     0.000     0.000
517     1.688     0.041     0.000     0.000
518     1.725     0.042     0.000     0.000
519     1.743     0.044     0.000     0.000
520     1.828     0.045     0.000     0.000
521     1.862     0.047     0.000     0.000
522     1.891     0.049     0.000     0.000
523     1.908     0.051     0.000     0.000
524     1.922     0.052     0.000     0.000
525     1.873     0.054     0.000     0.000
526     1.843     0.056     0.000     0.000
527     1.834     0.058     0.000     0.000
528     1.830     0.059     0.000     0.000
529     1.921     0.061     0.000     0.000
530     1.959     0.063     0.000     0.000
531     1.952     0.064     0.000     0.000
532     1.948     0.066     0.000     0.000
533     1.872     0.068     0.000     0.000
534     1.859     0.069     0.000     0.000
535     1.951     0.070     0.000     0.000
536     1.941     0.071     0.000     0.000
537     1.861     0.072     0.000     0.000
538     1.858     0.072     0.000     0.000
539     1.851     0.072     0.000     0.000
540     1.840     0.072     0.000     0.000
541     1.819     0.073     0.000     0.000
542     1.847     0.074     0.000     0.000
543     1.875     0.075     0.000     0.000
544     1.893     0.076     0.000     0.000
545     1.911     0.077     0.000     0.000
546     1.889     0.079     0.000     0.000
547     1.867     0.080     0.000     0.000
548     1.875     0.081     0.000     0.000
549     1.883     0.083     0.000     0.000
550     1.878     0.084     0.000     0.000
551     1.874     0.085     0.000     0.000
552     1.870     0.086     0.000     0.000
553     1.869     0.087     0.000     0.000
554     1.889     0.088     0.000     0.000
555     1.896     0.089     0.000     0.000
556     1.840     0.090     0.000     0.000
557     1.826     0.091     0.000     0.000
558     1.817     0.092     0.000     0.000
559     1.815     0.094     0.000     0.000
560     1.823     0.096     0.000     0.000
561     1.824     0.098     0.000     0.000
562     1.860     0.100     0.000     0.000
563     1.868     0.103     0.000     0.000
564     1.848     0.105     0.000     0.000
565     1.844     0.107     0.000     0.000
566     1.844     0.109     0.006     0.000
567     1.844     0.112     0.014     0.000
568     1.852     0.113     0.022     0.000
569     1.853     0.115     0.030     0.000
570     1.805     0.116     0.034     0.000
571     1.799     0.117     0.032     0.000
572     1.884     0.118     0.027     0.000
573     1.894     0.119     0.022     0.000
574     1.861     0.119     0.016     0.000
575     1.857     0.119     0.012     0.000
576     1.857     0.119     0.010     0.000
577     1.857     0.119     0.011     0.000
578     1.822     0.119     0.010     0.000
579     1.823     0.118     0.008     0.000
580     1.852     0.117     0.000     0.000
581     1.853     0.116     0.000     0.000
582     1.866     0.115     0.000     0.000
583     1.866     0.114     0.000     0.000
584     1.861     0.112     0.000     0.000
585     1.859     0.111     0.003     0.000
586     1.810     0.110     0.123     0.000
587     1.808     0.109     0.284     0.000
588     1.765     0.109     0.454     0.000
589     1.765     0.108     0.605     0.000
590     1.761     0.108     0.700     0.000
591     1.766     0.109     0.697     0.000
592     1.797     0.110     0.636     0.000
593     1.797     0.112     0.549     0.000
594     1.794     0.113     0.454     0.000
595     1.798     0.115     0.361     0.000
596     1.818     0.117     0.278     0.000
597     1.810     0.119     0.202     0.000
598     1.763     0.121     0.132     0.000
599     1.761     0.122     0.069     0.000
600     1.752     0.124     0.023     0.000
601     1.747     0.125     0.022     0.000
602     1.729     0.125     0.017     0.000
603     1.737     0.125     0.011     0.000
604     1.722     0.125     0.001     0.000
605     1.768     0.124     0.000     0.000
606     1.751     0.123     0.000     0.000
607     1.749     0.122     0.000     0.000
608     1.742     0.120     0.000     0.000
609     1.734     0.119     0.000     0.000
610     1.726     0.118     0.000     0.000
611     1.735     0.116     0.000     0.000
612     1.744     0.115     0.000     0.000
613     1.726     0.114     0.000     0.000
614     1.709     0.112     0.000     0.000
615     1.693     0.111     0.000     0.000
616     1.677     0.110     0.000     0.000
617     1.705     0.108     0.000     0.000
618     1.733     0.107     0.000     0.000
619     1.732     0.105     0.000     0.000
620     1.731     0.104     0.000     0.000
621     1.717     0.103     0.000     0.000
622     1.704     0.101     0.000     0.000
623     1.684     0.100     0.000     0.000
624     1.666     0.099     0.000     0.000
625     1.669     0.097     0.000     0.000
626     1.671     0.096     0.001     0.002
627     1.689     0.094     0.002     0.005
628     1.701     0.093     0.003     0.008
629     1.674     0.092     0.004     0.010
630     1.656     0.090     0.005     0.011
631     1.655     0.089     0.004     0.010
632     1.654     0.088     0.003     0.008
633     1.654     0.086     0.002     0.005
634     1.654     0.085     0.001     0.002
635     1.658     0.083     0.000     0.000
636     1.661     0.082     0.000     0.000
637     1.662     0.081     0.001     0.000
638     1.663     0.079     0.001     0.000
639     1.643     0.078     0.002     0.000
640     1.630     0.077     0.001     0.000
641     1.622     0.075     0.000     0.000
642     1.616     0.074     0.000     0.000
643     1.624     0.073     0.000     0.000
644     1.629     0.071     0.000     0.000
645     1.619     0.070     0.011     0.000
646     1.612     0.068     0.038     0.000
647     1.611     0.067     0.074     0.000
648     1.610     0.066     0.112     0.000
649     1.582     0.065     0.147     0.000
650     1.564     0.064     0.173     0.000
651     1.585     0.063     0.181     0.000
652     1.600     0.062     0.179     0.000
653     1.599     0.061     0.171     0.000
654     1.598     0.060     0.160     0.000
655     1.462     0.059     0.142     0.000
656     1.371     0.058     0.117     0.000
657     1.377     0.057     0.087     0.000
658     1.415     0.056     0.057     0.000
659     1.460     0.056     0.029     0.000
660     1.505     0.055     0.008     0.000
661     1.548     0.054     0.000     0.000
662     1.581     0.053     0.000     0.000
663     1.584     0.052     0.000     0.000
664     1.576     0.051     0.000     0.000
665     1.566     0.051     0.001     0.000
666     1.557     0.050     0.002     0.000
667     1.550     0.049     0.002     0.000
668     1.543     0.048     0.001     0.000
669     1.537     0.047     0.001     0.000
670     1.531     0.046     0.000     0.000
671     1.525     0.045     0.000     0.000
672     1.519     0.045     0.000     0.000
673     1.512     0.044     0.000     0.000
674     1.506     0.043     0.000     0.000
675     1.500     0.042     0.000     0.000
676     1.494     0.041     0.000     0.000
677     1.488     0.040     0.000     0.000
678     1.481     0.040     0.000     0.000
679     1.476     0.039     0.000     0.000
680     1.472     0.038     0.000     0.000
681     1.469     0.037     0.001     0.000
682     1.466     0.036     0.001     0.000
683     1.463     0.035     0.001     0.000
684     1.460     0.034     0.001     0.000
685     1.457     0.034     0.002     0.000
686     1.454     0.033     0.002     0.067
687     1.450     0.032     0.002     0.810
688     1.447     0.031     0.001     0.650
689     1.444     0.030     0.001     0.505
690     1.441     0.030     0.001     0.360
691     1.438     0.029     0.084     0.325
692     1.435     0.028     0.196     0.248
693     1.432     0.027     0.317     0.157
694     1.429     0.026     0.434     0.068
695     1.426     0.025     0.530     0.001
696     1.423     0.024     0.588     0.000
697     1.420     0.024     0.621     0.000
698     1.417     0.023     0.637     0.000
699     1.414     0.022     0.636     0.000
700     1.411     0.022     0.602     0.000
