                                                                

"GrassLight Ver. "        2.14                                                            
 "Run Input Conditions"
 "Canopy ht (mm)="      300.
 "Shoot density (shoots/m^2)="       79.
 "Shoot area (m^2/shoot)="    0.0031
 "Shoor:Root ratio="    3.1000
 "Bending angle at 0 flow (deg) ="   10.0000
 "Avg cosine Ed at top of canopy ="    0.8000
 "Current speed (cm/s) ="    0.0000
 "Seawater pH="    7.9000
 "Water temperature (°C) ="   27.0000
 "Photoperiod (h)="   14.5000
 "Irradiance and water column IOPs from "test1           
 "Sediment reflectance from "silica.bot      
 "Leaf IOPs from "zostera.lop     

 "Shoot density (shoots/m2) = "   79.
 "Ed (W/m2/nm) as a function of canopy height:"
"Height (m)" "Wavel (nm)"           400.           410.           420.           430.           440.           450.           460.           470.           480.           490.           500.           510.           520.           530.           540.           550.           560.           570.           580.           590.           600.           610.           620.           630.           640.           650.           660.           670.           680.           690.           700.
      0.30         0.0180         0.0270         0.0380         0.0450         0.0660         0.1010         0.1250         0.1470         0.1830         0.1950         0.2280         0.2580         0.2610         0.3070         0.3230         0.3510         0.3640         0.3770         0.3870         0.3260         0.3050         0.2940         0.2930         0.2810         0.2770         0.2490         0.2010         0.1880         0.1770         0.1630         0.1480
      0.25         0.0158         0.0240         0.0341         0.0407         0.0601         0.0927         0.1154         0.1364         0.1707         0.1827         0.2145         0.2436         0.2474         0.2918         0.3078         0.3351         0.3482         0.3611         0.3706         0.3117         0.2905         0.2795         0.2785         0.2670         0.2630         0.2360         0.1896         0.1765         0.1660         0.1533         0.1390
      0.20         0.0139         0.0212         0.0304         0.0366         0.0544         0.0845         0.1059         0.1259         0.1583         0.1702         0.2007         0.2291         0.2337         0.2767         0.2926         0.3192         0.3323         0.3449         0.3539         0.2971         0.2758         0.2649         0.2638         0.2528         0.2488         0.2227         0.1779         0.1648         0.1548         0.1436         0.1303
      0.15         0.0120         0.0185         0.0268         0.0325         0.0486         0.0761         0.0960         0.1147         0.1449         0.1566         0.1857         0.2136         0.2194         0.2609         0.2767         0.3025         0.3154         0.3276         0.3359         0.2814         0.2601         0.2493         0.2480         0.2375         0.2333         0.2079         0.1650         0.1519         0.1425         0.1332         0.1215
      0.10         0.0101         0.0159         0.0232         0.0283         0.0426         0.0672         0.0854         0.1025         0.1303         0.1414         0.1691         0.1966         0.2039         0.2441         0.2596         0.2845         0.2972         0.3087         0.3160         0.2639         0.2429         0.2322         0.2306         0.2206         0.2161         0.1912         0.1506         0.1375         0.1286         0.1219         0.1124
      0.05         0.0085         0.0134         0.0198         0.0243         0.0368         0.0587         0.0750         0.0905         0.1157         0.1263         0.1523         0.1794         0.1883         0.2271         0.2424         0.2663         0.2786         0.2893         0.2956         0.2460         0.2253         0.2148         0.2128         0.2035         0.1985         0.1742         0.1360         0.1230         0.1148         0.1106         0.1035
      0.00         0.0073         0.0117         0.0173         0.0214         0.0327         0.0524         0.0674         0.0817         0.1048         0.1149         0.1396         0.1663         0.1763         0.2140         0.2291         0.2521         0.2642         0.2743         0.2797         0.2321         0.2117         0.2014         0.1992         0.1902         0.1851         0.1612         0.1250         0.1121         0.1043         0.1020         0.0968



 "Eu (W/m2/nm) as a function of depth:"
"Height (m)" "Wavel (nm)"           400.           410.           420.           430.           440.           450.           460.           470.           480.           490.           500.           510.           520.           530.           540.           550.           560.           570.           580.           590.           600.           610.           620.           630.           640.           650.           660.           670.           680.           690.           700.
      0.29         0.0002         0.0004         0.0008         0.0010         0.0019         0.0034         0.0049         0.0067         0.0094         0.0107         0.0137         0.0181         0.0212         0.0280         0.0319         0.0371         0.0407         0.0435         0.0447         0.0365         0.0320         0.0297         0.0293         0.0282         0.0273         0.0233         0.0171         0.0145         0.0136         0.0150         0.0176
      0.25         0.0002         0.0005         0.0008         0.0011         0.0020         0.0037         0.0053         0.0072         0.0101         0.0113         0.0146         0.0191         0.0223         0.0293         0.0334         0.0387         0.0425         0.0453         0.0466         0.0381         0.0335         0.0311         0.0307         0.0296         0.0287         0.0245         0.0181         0.0154         0.0145         0.0159         0.0187
      0.20         0.0003         0.0005         0.0009         0.0013         0.0023         0.0041         0.0058         0.0079         0.0110         0.0123         0.0157         0.0205         0.0238         0.0312         0.0354         0.0409         0.0448         0.0478         0.0491         0.0402         0.0355         0.0331         0.0327         0.0315         0.0306         0.0262         0.0195         0.0167         0.0157         0.0172         0.0201
      0.15         0.0003         0.0006         0.0011         0.0015         0.0026         0.0046         0.0065         0.0088         0.0122         0.0136         0.0172         0.0222         0.0256         0.0333         0.0377         0.0435         0.0475         0.0507         0.0522         0.0428         0.0380         0.0355         0.0352         0.0339         0.0329         0.0284         0.0213         0.0184         0.0173         0.0188         0.0218
      0.10         0.0004         0.0007         0.0013         0.0017         0.0030         0.0053         0.0075         0.0100         0.0137         0.0152         0.0191         0.0244         0.0278         0.0359         0.0404         0.0465         0.0507         0.0541         0.0559         0.0461         0.0411         0.0385         0.0382         0.0368         0.0360         0.0313         0.0237         0.0207         0.0195         0.0208         0.0238
      0.05         0.0004         0.0009         0.0015         0.0020         0.0035         0.0062         0.0086         0.0116         0.0157         0.0174         0.0216         0.0270         0.0303         0.0388         0.0435         0.0500         0.0544         0.0581         0.0602         0.0498         0.0447         0.0421         0.0418         0.0404         0.0397         0.0349         0.0267         0.0235         0.0223         0.0233         0.0261
      0.00         0.0005         0.0010         0.0018         0.0023         0.0040         0.0070         0.0097         0.0130         0.0176         0.0193         0.0238         0.0294         0.0325         0.0413         0.0462         0.0530         0.0576         0.0616         0.0640         0.0531         0.0479         0.0452         0.0451         0.0435         0.0429         0.0381         0.0294         0.0261         0.0248         0.0255         0.0281



 "DENSITY (shoots/m2)"         79.
 "LAI (m2/m2)"                  0.245
 "BIOMASS (rel)"                1.0000
 "pH"                           7.90
 "Photoperiod (h)"             14.50
 "Shoot:Root"                   3.100
 "Hsat requirement (h)"         6.534
 "Pmax (rel)"                   1.230
 "Canopy Integrated P"        1.157
 "Canopy Integrated R"        0.275
 "Daily P (Hsat equiv)"        13.448
 "Whole plant P:R (per d)"      2.06




 "Parameter values below are for specified height layers; they are NOT canopy integrals."
 Height_(m)         Biomass_rel)       LAI_(m2/m2)         LAP_(m2/m2)         Noon_P(rel)
    0.29           0.414E-02           0.101E-02           0.176E-03           0.494E-02
    0.19           0.211E-01           0.518E-02           0.899E-03           0.249E-01
    0.09           0.556E-01           0.136E-01           0.236E-02           0.644E-01
 ------------------------------------



