class run 1 test of grasslight                                  

"GrassLight Ver. "        2.14                                                            
 "Run Input Conditions"
 "Canopy ht (mm)="      300.
 "Shoot density (shoots/m^2)="       79.
 "Shoot area (m^2/shoot)="    0.0063
 "Shoor:Root ratio="    3.1000
 "Bending angle at 0 flow (deg) ="   10.0000
 "Avg cosine Ed at top of canopy ="    0.8000
 "Current speed (cm/s) ="    0.0000
 "Seawater pH="    7.5000
 "Water temperature (°C) ="   25.0000
 "Photoperiod (h)="   13.3000
 "Irradiance and water column IOPs from "bah_clr_2m.irr  
 "Sediment reflectance from "carbonat.bot    
 "Leaf IOPs from "thalass.lop     

 "Shoot density (shoots/m2) = "   79.
 "Ed (W/m2/nm) as a function of canopy height:"
"Height (m)" "Wavel (nm)"           400.           410.           420.           430.           440.           450.           460.           470.           480.           490.           500.           510.           520.           530.           540.           550.           560.           570.           580.           590.           600.           610.           620.           630.           640.           650.           660.           670.           680.           690.           700.
      0.30         1.2220         1.2580         1.3240         1.2110         1.4020         1.6430         1.6600         1.6310         1.6980         1.5700         1.6050         1.6040         1.4460         1.5500         1.5030         1.5090         1.4560         1.4230         1.4040         1.1520         1.0540         1.0000         0.9810         0.9240         0.8940         0.7940         0.6690         0.6840         0.6320         0.5040         0.4200
      0.25         1.2113         1.2478         1.3138         1.2019         1.3915         1.6310         1.6483         1.6195         1.6861         1.5591         1.5944         1.5939         1.4376         1.5416         1.4949         1.5003         1.4473         1.4138         1.3932         1.1404         1.0388         0.9834         0.9640         0.9073         0.8767         0.7771         0.6523         0.6654         0.6139         0.4891         0.4059
      0.20         1.1876         1.2250         1.2910         1.1814         1.3680         1.6046         1.6224         1.5942         1.6599         1.5356         1.5722         1.5742         1.4221         1.5268         1.4809         1.4860         1.4332         1.3990         1.3768         1.1240         1.0193         0.9627         0.9428         0.8864         0.8553         0.7562         0.6319         0.6426         0.5917         0.4719         0.3909
      0.15         1.1347         1.1739         1.2396         1.1354         1.3152         1.5451         1.5643         1.5375         1.6015         1.4831         1.5232         1.5324         1.3903         1.4969         1.4534         1.4586         1.4065         1.3715         1.3469         1.0964         0.9896         0.9321         0.9115         0.8560         0.8242         0.7255         0.6029         0.6095         0.5597         0.4491         0.3732
      0.10         1.0427         1.0845         1.1496         1.0544         1.2224         1.4406         1.4620         1.4376         1.4985         1.3907         1.4372         1.4592         1.3353         1.4454         1.4064         1.4122         1.3617         1.3256         1.2980         1.0528         0.9456         0.8878         0.8660         0.8122         0.7794         0.6814         0.5622         0.5629         0.5148         0.4188         0.3516
      0.05         0.9331         0.9772         1.0412         0.9568         1.1104         1.3141         1.3379         1.3165         1.3736         1.2784         1.3320         1.3692         1.2672         1.3816         1.3480         1.3548         1.3063         1.2691         1.2383         1.0005         0.8941         0.8363         0.8134         0.7616         0.7280         0.6311         0.5163         0.5107         0.4648         0.3852         0.3285
      0.00         0.8477         0.8932         0.9559         0.8798         1.0220         1.2139         1.2393         1.2202         1.2743         1.1889         1.2476         1.2962         1.2115         1.3290         1.2998         1.3075         1.2607         1.2227         1.1895         0.9580         0.8525         0.7950         0.7713         0.7213         0.6872         0.5914         0.4804         0.4703         0.4263         0.3591         0.3104



 "Eu (W/m2/nm) as a function of depth:"
"Height (m)" "Wavel (nm)"           400.           410.           420.           430.           440.           450.           460.           470.           480.           490.           500.           510.           520.           530.           540.           550.           560.           570.           580.           590.           600.           610.           620.           630.           640.           650.           660.           670.           680.           690.           700.
      0.29         0.1044         0.1375         0.1567         0.1582         0.1993         0.2563         0.2785         0.2863         0.3175         0.3076         0.3470         0.3916         0.3938         0.4561         0.4606         0.4754         0.4667         0.4551         0.4411         0.3527         0.3084         0.2826         0.2703         0.2512         0.2372         0.1974         0.1499         0.1341         0.1198         0.1148         0.1116
      0.25         0.1053         0.1386         0.1580         0.1594         0.2009         0.2583         0.2806         0.2884         0.3198         0.3098         0.3494         0.3940         0.3960         0.4584         0.4628         0.4778         0.4691         0.4577         0.4441         0.3559         0.3123         0.2868         0.2744         0.2553         0.2413         0.2012         0.1533         0.1374         0.1229         0.1178         0.1148
      0.20         0.1077         0.1416         0.1612         0.1626         0.2049         0.2632         0.2858         0.2938         0.3257         0.3154         0.3551         0.3996         0.4006         0.4630         0.4672         0.4825         0.4738         0.4627         0.4498         0.3614         0.3187         0.2934         0.2811         0.2617         0.2478         0.2073         0.1587         0.1428         0.1280         0.1225         0.1194
      0.15         0.1130         0.1483         0.1684         0.1698         0.2139         0.2744         0.2975         0.3058         0.3390         0.3278         0.3677         0.4113         0.4100         0.4719         0.4756         0.4910         0.4824         0.4718         0.4597         0.3706         0.3284         0.3033         0.2911         0.2714         0.2576         0.2166         0.1668         0.1511         0.1359         0.1290         0.1251
      0.10         0.1231         0.1609         0.1821         0.1834         0.2310         0.2954         0.3195         0.3283         0.3638         0.3510         0.3909         0.4323         0.4262         0.4872         0.4896         0.5052         0.4964         0.4866         0.4761         0.3854         0.3433         0.3182         0.3063         0.2860         0.2726         0.2310         0.1794         0.1643         0.1484         0.1386         0.1324
      0.05         0.1373         0.1785         0.2009         0.2022         0.2546         0.3242         0.3496         0.3591         0.3976         0.3824         0.4220         0.4600         0.4473         0.5066         0.5073         0.5229         0.5139         0.5054         0.4967         0.4039         0.3618         0.3367         0.3253         0.3043         0.2914         0.2495         0.1954         0.1814         0.1648         0.1506         0.1410
      0.00         0.1505         0.1947         0.2182         0.2194         0.2761         0.3504         0.3768         0.3869         0.4282         0.4108         0.4498         0.4845         0.4655         0.5232         0.5224         0.5380         0.5289         0.5214         0.5145         0.4199         0.3778         0.3529         0.3419         0.3204         0.3079         0.2658         0.2098         0.1970         0.1797         0.1613         0.1485



 "DENSITY (shoots/m2)"         79.
 "LAI (m2/m2)"                  0.498
 "BIOMASS (rel)"                1.0000
 "pH"                           7.50
 "Photoperiod (h)"             13.30
 "Shoot:Root"                   3.100
 "Hsat requirement (h)"         5.620
 "Pmax (rel)"                   1.521
 "Canopy Integrated P"        1.521
 "Canopy Integrated R"        0.237
 "Daily P (Hsat equiv)"        19.191
 "Whole plant P:R (per d)"      3.41




 "Parameter values below are for specified height layers; they are NOT canopy integrals."
 Height_(m)         Biomass_rel)       LAI_(m2/m2)         LAP_(m2/m2)         Noon_P(rel)
    0.29           0.414E-02           0.206E-02           0.358E-03           0.630E-02
    0.19           0.211E-01           0.105E-01           0.183E-02           0.322E-01
    0.09           0.556E-01           0.277E-01           0.480E-02           0.845E-01
 ------------------------------------



