first grasslight run                                            

"GrassLight Ver. "        2.14                                                            
 "Run Input Conditions"
 "Canopy ht (mm)="      350.
 "Shoot density (shoots/m^2)="       79.
 "Shoot area (m^2/shoot)="    0.0031
 "Shoor:Root ratio="    3.1000
 "Bending angle at 0 flow (deg) ="   10.0000
 "Avg cosine Ed at top of canopy ="    0.8000
 "Current speed (cm/s) ="    0.0000
 "Seawater pH="    7.9000
 "Water temperature (°C) ="   27.0000
 "Photoperiod (h)="   14.5000
 "Irradiance and water column IOPs from "lynn_5_5_2m.irr 
 "Sediment reflectance from "silica.bot      
 "Leaf IOPs from "zostera.lop     

 "Shoot density (shoots/m2) = "   79.
 "Ed (W/m2/nm) as a function of canopy height:"
"Height (m)" "Wavel (nm)"           400.           410.           420.           430.           440.           450.           460.           470.           480.           490.           500.           510.           520.           530.           540.           550.           560.           570.           580.           590.           600.           610.           620.           630.           640.           650.           660.           670.           680.           690.           700.
      0.35         0.0140         0.0220         0.0320         0.0390         0.0570         0.0870         0.1090         0.1290         0.1600         0.1710         0.2000         0.2260         0.2280         0.2690         0.2840         0.3080         0.3200         0.3320         0.3420         0.2890         0.2710         0.2630         0.2630         0.2530         0.2500         0.2260         0.1850         0.1780         0.1680         0.1490         0.1330
      0.30         0.0123         0.0195         0.0286         0.0352         0.0517         0.0796         0.1003         0.1194         0.1488         0.1598         0.1876         0.2128         0.2154         0.2549         0.2697         0.2931         0.3051         0.3169         0.3265         0.2755         0.2574         0.2494         0.2494         0.2398         0.2369         0.2138         0.1742         0.1670         0.1575         0.1399         0.1246
      0.25         0.0107         0.0172         0.0255         0.0316         0.0468         0.0725         0.0921         0.1101         0.1380         0.1488         0.1755         0.1998         0.2031         0.2411         0.2558         0.2785         0.2904         0.3021         0.3112         0.2622         0.2440         0.2360         0.2359         0.2269         0.2239         0.2017         0.1636         0.1562         0.1472         0.1311         0.1166
      0.20         0.0093         0.0150         0.0225         0.0281         0.0420         0.0656         0.0838         0.1008         0.1270         0.1376         0.1630         0.1867         0.1908         0.2274         0.2419         0.2638         0.2757         0.2870         0.2956         0.2486         0.2304         0.2225         0.2223         0.2137         0.2106         0.1892         0.1526         0.1451         0.1365         0.1221         0.1087
      0.15         0.0079         0.0130         0.0197         0.0248         0.0372         0.0586         0.0754         0.0911         0.1154         0.1256         0.1498         0.1729         0.1780         0.2132         0.2275         0.2487         0.2603         0.2711         0.2791         0.2341         0.2161         0.2082         0.2078         0.1997         0.1964         0.1756         0.1408         0.1330         0.1249         0.1127         0.1009
      0.10         0.0067         0.0111         0.0169         0.0215         0.0325         0.0516         0.0669         0.0813         0.1034         0.1131         0.1360         0.1587         0.1649         0.1988         0.2128         0.2331         0.2444         0.2546         0.2617         0.2189         0.2011         0.1934         0.1927         0.1850         0.1815         0.1612         0.1283         0.1204         0.1128         0.1029         0.0931
      0.05         0.0056         0.0094         0.0144         0.0185         0.0282         0.0451         0.0588         0.0719         0.0920         0.1012         0.1226         0.1448         0.1521         0.1847         0.1984         0.2178         0.2288         0.2383         0.2445         0.2039         0.1865         0.1788         0.1779         0.1707         0.1669         0.1471         0.1162         0.1081         0.1010         0.0935         0.0857
      0.00         0.0048         0.0082         0.0127         0.0163         0.0250         0.0404         0.0530         0.0650         0.0835         0.0923         0.1127         0.1343         0.1425         0.1739         0.1873         0.2061         0.2168         0.2258         0.2313         0.1924         0.1753         0.1677         0.1667         0.1597         0.1558         0.1364         0.1071         0.0990         0.0923         0.0864         0.0801



 "Eu (W/m2/nm) as a function of depth:"
"Height (m)" "Wavel (nm)"           400.           410.           420.           430.           440.           450.           460.           470.           480.           490.           500.           510.           520.           530.           540.           550.           560.           570.           580.           590.           600.           610.           620.           630.           640.           650.           660.           670.           680.           690.           700.
      0.34         0.0001         0.0003         0.0005         0.0007         0.0012         0.0023         0.0034         0.0048         0.0068         0.0077         0.0101         0.0133         0.0157         0.0209         0.0240         0.0279         0.0309         0.0332         0.0343         0.0280         0.0244         0.0228         0.0226         0.0218         0.0212         0.0182         0.0135         0.0118         0.0111         0.0117         0.0132
      0.30         0.0001         0.0003         0.0005         0.0007         0.0014         0.0025         0.0037         0.0052         0.0072         0.0083         0.0107         0.0141         0.0165         0.0219         0.0252         0.0293         0.0323         0.0346         0.0358         0.0293         0.0256         0.0239         0.0238         0.0229         0.0223         0.0192         0.0143         0.0125         0.0118         0.0124         0.0141
      0.25         0.0001         0.0003         0.0006         0.0008         0.0015         0.0028         0.0041         0.0057         0.0079         0.0090         0.0116         0.0151         0.0177         0.0234         0.0268         0.0310         0.0342         0.0366         0.0379         0.0310         0.0272         0.0255         0.0253         0.0245         0.0238         0.0205         0.0154         0.0136         0.0128         0.0134         0.0152
      0.20         0.0002         0.0004         0.0007         0.0010         0.0017         0.0031         0.0045         0.0063         0.0087         0.0098         0.0126         0.0164         0.0190         0.0250         0.0285         0.0330         0.0363         0.0388         0.0402         0.0330         0.0291         0.0273         0.0272         0.0262         0.0256         0.0221         0.0167         0.0148         0.0139         0.0145         0.0165
      0.15         0.0002         0.0004         0.0008         0.0011         0.0020         0.0035         0.0051         0.0070         0.0097         0.0109         0.0139         0.0179         0.0205         0.0269         0.0306         0.0353         0.0387         0.0414         0.0429         0.0353         0.0313         0.0295         0.0294         0.0284         0.0277         0.0241         0.0183         0.0164         0.0155         0.0159         0.0179
      0.10         0.0002         0.0005         0.0009         0.0013         0.0023         0.0041         0.0059         0.0080         0.0110         0.0123         0.0155         0.0197         0.0224         0.0290         0.0329         0.0379         0.0415         0.0444         0.0461         0.0381         0.0340         0.0321         0.0320         0.0310         0.0304         0.0266         0.0204         0.0184         0.0174         0.0177         0.0196
      0.05         0.0003         0.0006         0.0011         0.0015         0.0027         0.0048         0.0068         0.0092         0.0126         0.0140         0.0174         0.0218         0.0245         0.0315         0.0355         0.0408         0.0446         0.0478         0.0498         0.0413         0.0370         0.0351         0.0350         0.0340         0.0334         0.0296         0.0229         0.0208         0.0198         0.0198         0.0215
      0.00         0.0003         0.0007         0.0013         0.0018         0.0031         0.0054         0.0076         0.0103         0.0140         0.0155         0.0192         0.0237         0.0263         0.0336         0.0378         0.0433         0.0473         0.0507         0.0529         0.0440         0.0397         0.0376         0.0377         0.0366         0.0361         0.0322         0.0252         0.0231         0.0220         0.0216         0.0232



 "DENSITY (shoots/m2)"         79.
 "LAI (m2/m2)"                  0.245
 "BIOMASS (rel)"                1.0000
 "pH"                           7.90
 "Photoperiod (h)"             14.50
 "Shoot:Root"                   3.100
 "Hsat requirement (h)"         6.534
 "Pmax (rel)"                   1.230
 "Canopy Integrated P"        1.116
 "Canopy Integrated R"        0.275
 "Daily P (Hsat equiv)"        12.649
 "Whole plant P:R (per d)"      1.94




 "Parameter values below are for specified height layers; they are NOT canopy integrals."
 Height_(m)         Biomass_rel)       LAI_(m2/m2)         LAP_(m2/m2)         Noon_P(rel)
    0.34           0.316E-02           0.773E-03           0.134E-03           0.370E-02
    0.24           0.131E-01           0.320E-02           0.556E-03           0.151E-01
    0.14           0.417E-01           0.102E-01           0.177E-02           0.471E-01
    0.04           0.510E-01           0.125E-01           0.217E-02           0.559E-01
 ------------------------------------



