       37.2          -76.4           185
    400.0        1.206    
    405.0        1.232    
    410.0        1.234    
    415.0        1.321    
    420.0        1.297    
    425.0        1.298    
    430.0        1.185    
    435.0        1.364    
    440.0        1.375    
    445.0        1.513    
    450.0        1.618    
    455.0        1.616    
    460.0        1.634    
    465.0        1.636    
    470.0        1.607    
    475.0        1.651    
    480.0        1.678    
    485.0        1.607    
    490.0        1.557    
    495.0        1.634    
    500.0        1.606    
    505.0        1.611    
    510.0        1.636    
    515.0        1.567    
    520.0        1.496    
    525.0        1.597    
    530.0        1.609    
    535.0        1.623    
    540.0        1.569    
    545.0        1.604    
    550.0        1.599    
    555.0        1.599    
    560.0        1.556    
    565.0        1.580    
    570.0        1.538    
    575.0        1.580    
    580.0        1.571    
    585.0        1.580    
    590.0        1.392    
    595.0        1.427    
    600.0        1.479    
    605.0        1.500    
    610.0        1.508    
    615.0        1.491    
    620.0        1.509    
    625.0        1.475    
    630.0        1.461    
    635.0        1.462    
    640.0        1.462    
    645.0        1.440    
    650.0        1.366    
    655.0        1.310    
    660.0        1.298    
    665.0        1.423    
    670.0        1.395    
    675.0        1.371    
    680.0        1.349    
    685.0        1.326    
    690.0        1.172    
    695.0        1.171    
    700.0        1.176    
